Solution #1:
10000000
00000010
00001000
00000001
01000000
00010000
00000100
00100000

Solution #2:
10000000
00000010
00010000
00000100
00000001
01000000
00001000
00100000

Solution #3:
10000000
00000100
00000001
00100000
00000010
00010000
01000000
00001000

Solution #4:
10000000
00001000
00000001
00000100
00100000
00000010
01000000
00010000

Solution #5:
00000100
10000000
00001000
01000000
00000001
00100000
00000010
00010000

Solution #6:
00010000
10000000
00001000
00000001
01000000
00000010
00100000
00000100

Solution #7:
00001000
10000000
00000001
00010000
01000000
00000010
00100000
00000100

Solution #8:
00100000
10000000
00000010
00001000
00000001
01000000
00010000
00000100

Solution #9:
00001000
10000000
00010000
00000100
00000001
01000000
00000010
00100000

Solution #10:
00000010
10000000
00100000
00000001
00000100
00010000
01000000
00001000

Solution #11:
00001000
10000000
00000001
00000100
00100000
00000010
01000000
00010000

Solution #12:
00010000
10000000
00001000
00000001
00000100
00100000
00000010
01000000

Solution #13:
01000000
00000100
10000000
00000010
00010000
00000001
00100000
00001000

Solution #14:
00001000
00100000
10000000
00000010
01000000
00000001
00000100
00010000

Solution #15:
00000001
00100000
10000000
00000100
01000000
00001000
00000010
00010000

Solution #16:
00010000
00000100
10000000
00001000
01000000
00000001
00100000
00000010

Solution #17:
00001000
00000010
10000000
00010000
01000000
00000001
00000100
00100000

Solution #18:
00000100
00100000
10000000
00000001
00010000
01000000
00000010
00001000

Solution #19:
00001000
00100000
10000000
00000100
00000001
01000000
00010000
00000010

Solution #20:
00000100
00100000
10000000
00000001
00001000
01000000
00010000
00000010

Solution #21:
00010000
00000001
10000000
00100000
00000100
01000000
00000010
00001000

Solution #22:
00000001
00010000
10000000
00100000
00000100
01000000
00000010
00001000

Solution #23:
00010000
00000001
10000000
00001000
00000010
01000000
00000100
00100000

Solution #24:
00010000
00000010
10000000
00000001
00001000
01000000
00000100
00100000

Solution #25:
00000100
00010000
10000000
00001000
00000001
01000000
00000010
00100000

Solution #26:
00000100
00100000
10000000
00000010
00001000
00000001
01000000
00010000

Solution #27:
00000010
00100000
10000000
00000100
00000001
00001000
01000000
00010000

Solution #28:
00001000
00000010
10000000
00100000
00000001
00000100
00010000
01000000

Solution #29:
01000000
00001000
00000010
10000000
00100000
00000001
00000100
00010000

Solution #30:
01000000
00000001
00000100
10000000
00100000
00001000
00000010
00010000

Solution #31:
00000100
01000000
00000010
10000000
00100000
00001000
00000001
00010000

Solution #32:
00000010
01000000
00010000
10000000
00000001
00001000
00100000
00000100

Solution #33:
00000001
01000000
00010000
10000000
00000010
00001000
00100000
00000100

Solution #34:
00001000
01000000
00000001
10000000
00010000
00000010
00100000
00000100

Solution #35:
00000100
01000000
00000010
10000000
00010000
00000001
00001000
00100000

Solution #36:
00001000
01000000
00000100
10000000
00000010
00010000
00000001
00100000

Solution #37:
00100000
00001000
00000010
10000000
00010000
01000000
00000001
00000100

Solution #38:
00000100
00010000
00000010
10000000
00000001
01000000
00001000
00100000

Solution #39:
00001000
00000001
00010000
10000000
00000010
01000000
00000100
00100000

Solution #40:
00100000
00000100
00000001
10000000
00001000
00000010
01000000
00010000

Solution #41:
00000010
00001000
00100000
10000000
00000100
00000001
01000000
00010000

Solution #42:
00000100
00010000
00000010
10000000
00100000
00001000
01000000
00000001

Solution #43:
00001000
00000001
00010000
10000000
00100000
00000100
01000000
00000010

Solution #44:
00100000
00000100
00010000
10000000
00000001
00001000
00000010
01000000

Solution #45:
00100000
00000100
00000001
10000000
00010000
00000010
00001000
01000000

Solution #46:
00001000
00000010
00010000
10000000
00100000
00000001
00000100
01000000

Solution #47:
01000000
00000100
00000001
00100000
10000000
00010000
00000010
00001000

Solution #48:
01000000
00001000
00000010
00010000
10000000
00000001
00000100
00100000

Solution #49:
01000000
00000010
00001000
00000001
10000000
00010000
00000100
00100000

Solution #50:
00000010
01000000
00000100
00100000
10000000
00010000
00000001
00001000

Solution #51:
00000001
01000000
00001000
00100000
10000000
00000010
00010000
00000100

Solution #52:
00010000
01000000
00000001
00000100
10000000
00100000
00001000
00000010

Solution #53:
00010000
01000000
00000010
00001000
10000000
00000001
00000100
00100000

Solution #54:
00100000
00000100
01000000
00000010
10000000
00010000
00000001
00001000

Solution #55:
00100000
00001000
01000000
00000001
10000000
00000010
00010000
00000100

Solution #56:
00000100
00000001
01000000
00010000
10000000
00000010
00001000
00100000

Solution #57:
00100000
00000001
00010000
00000010
10000000
00000100
01000000
00001000

Solution #58:
00100000
00001000
00000001
00010000
10000000
00000010
01000000
00000100

Solution #59:
00000100
00100000
00000010
00010000
10000000
00000001
01000000
00001000

Solution #60:
00000100
00100000
00001000
00000010
10000000
00010000
01000000
00000001

Solution #61:
00000100
00100000
00001000
00000001
10000000
00010000
01000000
00000010

Solution #62:
00010000
00000001
00001000
00100000
10000000
00000010
01000000
00000100

Solution #63:
00010000
00000010
00001000
00100000
10000000
00000100
00000001
01000000

Solution #64:
00010000
00000100
00000001
00100000
10000000
00000010
00001000
01000000

Solution #65:
01000000
00010000
00000100
00000001
00100000
10000000
00000010
00001000

Solution #66:
00010000
01000000
00001000
00000001
00000100
10000000
00100000
00000010

Solution #67:
00010000
01000000
00000001
00001000
00000010
10000000
00100000
00000100

Solution #68:
00100000
00000010
01000000
00000001
00001000
10000000
00010000
00000100

Solution #69:
00100000
00000100
01000000
00001000
00000001
10000000
00000010
00010000

Solution #70:
00100000
00000100
01000000
00000010
00001000
10000000
00000001
00010000

Solution #71:
00001000
00000010
01000000
00000100
00100000
10000000
00010000
00000001

Solution #72:
00001000
00000010
01000000
00000100
00100000
10000000
00000001
00010000

Solution #73:
00000010
00010000
01000000
00001000
00000001
10000000
00100000
00000100

Solution #74:
00000010
00010000
01000000
00000001
00000100
10000000
00100000
00001000

Solution #75:
00001000
00000010
01000000
00010000
00000001
10000000
00100000
00000100

Solution #76:
00100000
00000100
00000001
01000000
00010000
10000000
00000010
00001000

Solution #77:
00000010
00100000
00000001
01000000
00001000
10000000
00000100
00010000

Solution #78:
00010000
00000010
00001000
01000000
00000100
10000000
00100000
00000001

Solution #79:
00010000
00000100
00000001
01000000
00000010
10000000
00100000
00001000

Solution #80:
00001000
00100000
00000001
00010000
00000010
10000000
00000100
01000000

Solution #81:
01000000
00000010
00100000
00000100
00000001
00001000
10000000
00010000

Solution #82:
00010000
01000000
00000010
00100000
00000100
00000001
10000000
00001000

Solution #83:
00001000
01000000
00010000
00000100
00000001
00100000
10000000
00000010

Solution #84:
00100000
00000010
01000000
00000001
00000100
00010000
10000000
00001000

Solution #85:
00000100
00010000
01000000
00000001
00001000
00000010
10000000
00100000

Solution #86:
00000100
00100000
00000010
01000000
00010000
00000001
10000000
00001000

Solution #87:
00000100
00100000
00000010
01000000
00000001
00001000
10000000
00010000

Solution #88:
00010000
00000010
00100000
00000001
01000000
00001000
10000000
00000100

Solution #89:
00010000
01000000
00000010
00100000
00000100
00000001
00001000
10000000

Solution #90:
00001000
01000000
00010000
00000010
00100000
00000001
00000100
10000000

Solution #91:
00100000
00001000
01000000
00000001
00000100
00010000
00000010
10000000

Solution #92:
00100000
00000100
00010000
01000000
00000001
00001000
00000010
10000000

